$ANSIBLE_VAULT;1.1;AES256
62303765333838336464646233613033396564333961663939663062356134373530366661643661
6337393531376165663565393466366336303136376238350a613937386236313964373261383038
31373662303034333636373265393838663836326230396539623832633562386334353633373336
3538626336343737350a613631633266386332396632373735393331336562346530356364666634
36663261616666343132343434393534663530383063346263613634636432366263643333363332
34613233626364343037323430356235663536376666323036383462666364363939626236373665
37326538356135666335353134626638663138616437643332363334323338396332366362393636
32373539343366373665366465386539323165616561326339316365633238386336626339633739
36373932336536396166353938323131303237316239633337633365663862363434616230373561
61326437653836383134356461376663376131323830653334333862666438623032613366363764
35616431643235626566653639636330383235633831663765366639653233313138346437353962
30356434633237333161393136313932633032306266383836656235366632656230376136306131
30333066356562613461396431323234313466303637386534376161363566346465643036656362
33333462653861343036636662663134393932336266633430373766366535366136646366363461
36626164633135633965383233613934613430313636666430636665643436316139323837386264
64306137613465396234663765346566666535633639303765353764373465626237626137346539
36613934323830393837376366303132653639643961326263636134386134636338653536356461
37303330666132633563646662616561336162323339356634626565616439623265343362646436
65393866646332626661393138373862323166653831666236633738656139363533313630333237
66363433613734333861646636326437343035353934656262306636383432333139316530393636
33373535356665323162313332373966393962386633356639636636623931343931633864636666
30633564363962323663653765356637666361313062346330616133356362663931323762386232
38323562633933303533663839383332366162616362366362636430366232633330326166393535
66656137313137393138623366356134306435316434396261616536653037346438643137323064
38623932346231633832643031373835386538323139313339373637623961373733346634643561
37653234333134303830383039393639306162386465383333363766613434333633323866336531
30373134666565633732386235323866383332363437333038323461626536363963353665666366
65333161646666626633386462396136343735363436396134633765306433373964303939376463
35636130356264343332666364386235316264386664633233333563353961626264623265623661
39373736303230613964356166653437373335353437303236303239353639663735333162353936
30306164636663636431633866653239623261373061373134326236333566373036326634353136
34336336333861376230326264373034313766383631646237616239363962623632386464326338
36653963373663303734363435643534666166353062643734373830396535356664663563376566
65626333653963663264333330333635373832373166313961326533373963633265653565343461
64623039376162386633633265373038386138316463666561303135393932326231346439346330
34333062623939663966313061326363343230643066663563303038653532343564663763643163
30393631383837663838363730646639313466356437333832363134326262396630313634613339
64386634393866613165646337616637666137363937393361333261383230663230323230623136
66646566663931363339363361303464353435326535303965376361643662666664383230663864
64646266393762373237653162643133626239373764393361363362376139313163376633366631
30393232353963636531666462343833316435663631636430653633646236343833346636613835
62643263333236663434646533366138626162623735333933353136643164323630393233353339
35353163326537616333376561306461333730346461343336623839633465653862353137373065
37636530306661376330653030353033356365353833383632613264343432366138633434653234
34386462613438343037316533326336643064363338613062653136643736313563393036363761
61353665656562313231646362346161376539323337646136353437393634313434383036366536
32323966616235373166373630303530643932366435313839333838653665633761653966626566
31306137373031326538356335356631643330306331393765653230373463313463656236646565
33356536343833656130343061323261626630636262633639633639643365393364616266306431
35333132613261346562626533616462663431393431303133363839366365653336393538373666
62623139383339333539383632666264646665613865363265333434383935303664356338616633
66303030393331326638653538363265363961363262643533336535643766653635396131353839
66643931363231376631353331306437636262333537363135373631353635303163386330363762
34663562646663353636346437313965306336663433653864393437343861623132306265613863
34613536313361633764373036306437663635336437366361616365643934366166323631363935
32363364323032383835333165636663643662636164663362316164613034653634643635316164
63393435623666383361666633343431336162376131393263623564613761313531323234633835
65633562656539643565666363353331383039386632343361666165333163623066366361363865
36633664306562336339653830633831653838353030346565316635313736303830663362666132
34656163353866383230396666623539666234303833306365396234303665393361373464626662
66373636663163393433373835636438623566343765633762396533633966303936326162313030
32366638353461646534396437326530383635663961306332323735353261306566626464646231
35343062343331613631666235616235326533303233316432316662396565373238643936633539
62353435643139636238303763643263363766636436666130373039383633663539643137626134
30643435633434303761336131326433663131386531363831333363643637653664623264353431
36656562623762643035343465616262666366613637393534653961646533616331306230653761
63666262326566363261363565363435613134373362336234363462313761326334653764626466
66643831303836663565373737373031663038663237666462343038313136616139623761636432
38356662333334303636656631326561386466656630306234663264303136376134336162386235
34343564373561386364306435663832626563626563303862383362316435643833303932663733
35643565356565613464623139616333666633653663383362366463666461346232666331356436
65653238383265333135333635393230323035376462656235636339373463333438646165653838
65333430363665613062643637366236633265333036643263653866623939313239653734343265
37633066633736393664363137376133396630623436326339383162306334366335303837323265
63336235653464666530383465393736376662366630646136663836323232313564653962666137
32663430386338376365653737623332383535653230326635646264353965393864376535353937
38356465633165316439363461663165613038393766653166336661656233653230323265623334
33306338333032333339653031396535663235353863663135626663326165363163623135393364
61343533653462373132666361386638363837623765666232643836393762333330636430363665
65306463336665326439323165626661613362303638373237626634383032653831316531366563
63336235353735373061323031383431623431633139336230613166333033663566363435393137
38306435336463613062323233386236393466306131616563643531653237643735343966363766
36653937366335346639386562663061633638626534303366396537643238343235363437663966
61333030646635653736333264646663333131326439616263653062613264396635343736363535
38343335356234356633326333636433396532633935373166326330633534306263316539633638
64323864346336643462356562353937353634633834393838633462616238633531303461633338
35613537353330306332383532643536353661356335376637396632333466333863346662656237
37633037623363336163333531356165346130323431343533343462623865326636666339643861
30303264643963346530383336633764343438663765303332623466356338386339396464376533
36613032623861613466613135383762653464396134343539656535663661656331376537393830
34303133366439623865616564316365383964313937366562323336316134626166393538623338
35613737623134643133356539643732656364393265313939366663373134643465653537633263
35313861343237653430393562373962343864616232383931646539623032653437323835663638
32343633376431633036633062636661613033616463343838393632353039383062303432373035
35346337313039343865623138666433663562656335373365336331323835393634306339663865
31356662356162343165346462303037373265343536363664303564366366306133336531376438
62383335633462626536633035623662306466626331633266386339346439636361393933333962
35353662643436333535363631663738313432623837373464313866663966613663396632646661
30656537666431343335313362663339656134333331646131653664353637343364636661346337
62636230363165376339353166623331313863306464306137343532326136366136623932383063
62666134623838356262393266666261663033373437343062613235323334656131366433646535
33326363376632396363396663663736326638383862663431646666633231306463636335343961
64623537306531313136643039356165366231343834343761666666626537653064356466633238
32333264353639343062373266343436333038386465613832356133653533393331376664343864
33396431363735363230633662363735373933666266653434363366363834306233626238393833
65383436646463323661616564333735383838323334623430303461306563336331366466373531
66633332323332393634343133323263343662336530323736623835333035653933333335303466
62636339616430313234306431636534333966316333653965613732656632353966613963393538
39313233393438653831663133346436633362353235643139353532373661366131653533663863
65613432303934356362343166396135393266386436316564323533346239313533643233616364
34643332636535326261313864663439336435616563346263363031326261323735623233363435
65653330653363363135396165613833393730616135353935666366663937616466663830316631
30356233343035656462663134343930353538643232633536376434663136373165383166626138
62343465303763353162316434333162393263643761636537356663666463626432363530366161
33626538343238643837653634613839663435323431363439336235666430356236613638643162
33376137633837633563643235633266346261353136656561663938343632613936393766646134
37623436376364393732383066616361646562316631393263363338333138353832313137396562
64313965363263353664373236333334376161653438656132333232396532373462643934343230
64643538303139313435663038363239656435363238306266366437643234393636643935623433
61373035333333323231383536393136326263653565343334373161626235663039616364353237
34333930336134333261613436383462336139373239623734383564633231383666616436363435
38366461356436613630636338343530613438376533316632646565343264363030306466643731
36366338306539383037666465383639613964303166306232343762303331393333376332316465
37383231656238333265623231343763613338623961613334393264363864366562613630653035
35323464333965316634343231666162646238383137663966636637343666316637383632356664
33613437343530613039653062346531663031633733646563336236623334363837643561623262
32623835326463343164386634653932626462663863306237316365616136396537343364383530
30376666663336313161366138643565656339333064376433396532333338363261386331623066
63303135376532653530633131613135613365323563353364373361633066636261333266303136
33336439623036633433316661383634393466393535643164383365623333613463366132363734
36383161363036393734306438306263393935653932363137396633363335643032366463363237
33383263666430653166316662633233356433646135616135636333663562353661626633373664
66383738366263643963636363363737613936346362653931363938303630306635353734623165
32313239643333383336626435613538363231316130366266313038326530643638653961616430
36663734356532393362306635326238613264316636643931376334633037653662346663356537
61316234623535343035363134346539626666396433653336316132303631313130633435663137
63343934313061636664613838366437326339616631343164316636313062643839613336646538
64393638626439323366646562656261633931313330343163353863386363653563663238623636
36616635346635613363373532363539363563636139363464636662313635316362653962353133
65366166393138653430326439623438646235363062363736656562323062383931646130343931
38373839323361643137303232396663613438313639663565626433646461313365636437353439
66633563616437333166316362633964666235356262393537363763653932626136376665306465
35343037373436663837353535306236633738303436623533383861386533636439316561386136
34393031306338393964623839306365396235653735636565363833373831383161313335653565
31656564623965353930616134316535306462663033303764623636623365373736616230373466
63343239336664356132313264666363393932376333353235623639326432323962656266366132
37646533346139653966396661616339393030313434656536623638373866343164326462626139
31306331623532633664643062376531633034313030373065326138346332313562393734323030
32383034666537636436376365643064303134646632313937353863653834386535323437386536
35616561306137366236626663393931616334653134363834656662353536653734323739366136
39636339373764613236376233313332343838616232386566383038623462393866663762366436
38623261333033613437363263666163383262646439616134383335343764616134333965343135
30613134323963623966366130313365366535643832383238393337323835316262303839376364
38653730373562643738313630393339393332323031356335366163646364323732353137316461
35303261303063373766333565376536633237363835623233616437376132633964356631323234
66616133626261666263656165653237303363613735353830316235376163383162356461356336
30313964653863316634623835663530643239626539373864663638613563653936393936333466
35373131636434356130333439303638656465313264646134313065626531643532363132376230
34633637386639343461393639386335643232656436663732323435363162356265313439656565
38343662623762363531346163393834303138396265356530653434363561663166383263393037
64376665313836383963353563306130346234336438376466323839653230633535333035643736
66333837383539393739663034653266336634326138626234316666326537323362376236643438
61383139643035666466323539656438383938383362653764616334656361306239333761653962
34386230613731663130323866616639306433396161643033366163346130623439376137623532
30376638346266616134393037366132346230323861613433643361333034343133663363333636
66323962303065643132393365303536333836326466656138333665316639323665323030356138
30303835643466373537303532653037336464363861353432626133613037643362376433626635
34343333393730393334333931646464313139613838353237363664376533326364653463656366
63613561303631636639363966613663613639303730353761313534356635323965353738623161
30343636636461653135613433316535336363663366626534396461303962623865623437626133
34313832653031653932306134353138343830316131613665646238393131626639373030366439
63663163303735346332306664353635383764333436346237636137333333636637343364346637
31623239333765356637666462656139623263356163633463626665393038383236303630343462
37633031393064396264633562613438663262653838383362636364323561316363383761376531
64323334326566313434636437313235613139636131343339626562303664613933626538343638
62363535663935623934643062343838356338363936653331653034633866393539393263653039
39643761653832616337663734383964306565653735643162626663353731356465393737386135
66663262656466376135373063653163343831353065323634333638376537303630633039646135
30316338656564346464373835616436326336383066666466343363666230343336373162353133
33363337373761653830666561353463663066663262363838343637666232393763303737386438
63396232636466626661616338663065656233653231333237376232333732343131653434616437
37663164306536313938323839646433313735386436363639336462643737646535623963376235
63653637376538343162313139323032366338313031626361383436376635313935613536393963
39383332366638323564663733333462316663326161376366326135643532336237333439383639
65643065346633383963366537316435643034633939633335633732376136646562303363623931
33353131373461363532363366613365663735306363366335306639346161663865366439636266
61333766336233313762643939336331663138346464323032623733346636313734363231643262
38646436646265323335646264396230653534663935666364396661653233383465333735316438
39383763663865383430393831353338366230316462353863333463393336333766386464316565
32353132653330656461663038653430663261383236636332386362623931616130326331366638
30336465643731626362376332306234653636353337656232643766653138393438393139343066
36383864306266386262646336383862313664396362613763333261393134386531386138616164
65626438303437323439396239633062656539626162613862323831313533653863343537326338
34613764346234346237613366653865363661383861636232373739356263336239313139303264
37393562623431316437363966323239656661353331303537646463386666316663363662626133
30623837323764393638626361666563313833366335393031643337303038653531653864386135
31653630646535646261366539346239323539626465383931356330376338616462333565633532
66333239636437323437643737343538616131663231653465656662396665373363663039373034
66623336626330393538633736393038353762633463306366353232363061616431356466313239
62663864313465376630323138656134376435666137303263663131653838333261633065373638
63313565326363376233653565653563353830613065663535623239366235346362653962393237
31646134636561643564346534646639656631323938393336663766393430653336353836633339
39346334343238366435643531313732363837636137663664666636393434353237386364646539
61643636373861613333326530346234643232623538373230373530356637363530643038303734
63323262336463356439323432373235353730373137393731366530363734633962306235623337
31653863656334326365343033336235383464646261376331363266636661316163613137313866
32346132333666623135656532393166613635393161376331663831653331376162303961623439
62393762396663363762306437393265303931396664346537633833376662643133346362653661
38366162326134363733306261663832333334366234346664396130663262633161323535636237
64663735626237643666313139666131613539393039623439303039353837343832663634656565
66623936376664626361613238636165626166323336646163383061633939373736386661616137
66343033373936383930373662353165306434376434656434623863303763656232353163303331
64366439303861653836313035376336643439396537393738623537346466323566323636366439
64323234316263613535353264323932363761633630373066373631303334306339356330303032
31343032613238343363336230323633353466303130313161343335323933623636313732393431
31633561653661396461353338366465333861646131663830616462343661366534356363343938
36313666323262383839646538393437373163373635303236306566366631313035323761363437
3263356163623533336663303836383963616138353464346364
